1000.0000
990.8228
981.7298
972.7203
963.7935
954.9486
946.1848
937.5015
928.8979
920.3732
911.9268
903.5578
895.2657
887.0497
878.9091
870.8431
862.8513
854.9327
847.0868
839.3129
831.6104
823.9786
816.4168
808.9243
801.5007
794.1452
786.8572
779.6360
772.4811
765.3919
758.3678
751.4081
744.5123
737.6798
730.9099
724.2022
717.5561
710.9709
704.4462
697.9814
691.5759
685.2292
678.9407
672.7099
666.5363
660.4194
654.3586
648.3534
642.4034
636.5079
630.6666
624.8788
619.1442
613.4622
607.8323
602.2541
596.7271
591.2508
585.8248
580.4486
575.1217
569.8437
564.6141
559.4326
554.2986
549.2116
544.1714
539.1775
534.2293
529.3266
524.4689
519.6557
514.8867
510.1615
505.4797
500.8408
496.2445
491.6904
487.1780
482.7071
478.2772
473.8880
469.5390
465.2300
460.9604
456.7301
452.5386
448.3856
444.2707
440.1935
436.1538
432.1511
428.1852
424.2556
420.3622
416.5044
412.6821
408.8948
405.1423
401.4242
397.7403
394.0902
390.4735
386.8901
383.3395
379.8215
376.3358
372.8821
369.4601
366.0695
362.7100
359.3814
356.0833
352.8154
349.5776
346.3694
343.1907
340.0412
336.9206
333.8286
330.7650
327.7295
324.7218
321.7418
318.7891
315.8635
312.9648
310.0927
307.2469
304.4272
301.6334
298.8653
296.1225
293.4050
290.7123
288.0444
285.4010
282.7818
280.1867
277.6153
275.0676
272.5433
270.0421
267.5638
265.1084
262.6754
260.2648
257.8763
255.5097
253.1648
250.8415
248.5395
246.2586
243.9986
241.7594
239.5407
237.3424
235.1643
233.0061
230.8678
228.7491
226.6498
224.5698
222.5089
220.4669
218.4436
216.4389
214.4526
212.4845
210.5345
208.6024
206.6880
204.7912
202.9118
201.0496
199.2046
197.3764
195.5651
193.7703
191.9921
190.2301
188.4843
186.7546
185.0407
183.3425
181.6600
179.9929
178.3410
176.7044
175.0827
173.4759
171.8839
170.3065
168.7436
167.1950
165.6606
164.1403
162.6340
161.1414
159.6626
158.1973
156.7455
155.3071
153.8818
152.4696
151.0703
149.6839
148.3103
146.9492
145.6006
144.2644
142.9405
141.6287
140.3289
139.0411
137.7651
136.5008
135.2481
134.0069
132.7771
131.5586
130.3512
129.1550
127.9697
126.7953
125.6317
124.4787
123.3363
122.2045
121.0830
119.9718
118.8708
117.7799
116.6990
115.6280
114.5669
113.5155
112.4737
111.4415
110.4188
109.4055
108.4014
107.4066
106.4209
105.4443
104.4766
103.5178
102.5678
101.6265
100.6939
99.7698
98.8542
97.9470
97.0481
96.1575
95.2750
94.4006
93.5343
92.6759
91.8254
90.9827
90.1478
89.3205
88.5007
87.6886
86.8838
86.0865
85.2964
84.5137
83.7381
82.9696
82.2082
81.4537
80.7062
79.9655
79.2317
78.5046
77.7841
77.0703
76.3630
75.6622
74.9678
74.2798
73.5981
72.9227
72.2535
71.5904
70.9334
70.2824
69.6374
68.9984
68.3652
67.7378
67.1161
66.5002
65.8899
65.2852
64.6861
64.0924
63.5043
62.9215
62.3440
61.7719
61.2050
60.6433
60.0868
59.5353
58.9890
58.4476
57.9112
57.3798
56.8532
56.3314
55.8145
55.3022
54.7947
54.2919
53.7936
53.2999
52.8108
52.3261
51.8459
51.3701
50.8987
50.4316
49.9688
49.5102
49.0558
48.6056
48.1596
47.7176
47.2797
46.8458
46.4159
45.9899
45.5679
45.1497
44.7353
44.3248
43.9180
43.5150
43.1156
42.7199
42.3279
41.9394
41.5546
41.1732
40.7953
40.4210
40.0500
39.6825
39.3183
38.9575
38.5999
38.2457
37.8947
37.5469
37.2024
36.8610
36.5227
36.1875
35.8554
35.5263
35.2003
34.8773
34.5572
34.2401
33.9258
33.6145
33.3060
33.0003
32.6975
32.3974
32.1001
31.8055
31.5136
31.2244
30.9379
30.6540
30.3726
30.0939
29.8177
29.5441
29.2729
29.0043
28.7381
28.4744
28.2131
27.9542
27.6976
27.4434
27.1916
26.9420
26.6948
26.4498
26.2071
25.9666
25.7283
25.4921
25.2582
25.0264
24.7967
24.5692
24.3437
24.1203
23.8989
23.6796
23.4623
23.2470
23.0336
22.8222
22.6128
22.4053
22.1997
21.9959
21.7941
21.5941
21.3959
21.1995
21.0050
20.8122
20.6212
20.4320
20.2445
20.0587
19.8746
19.6922
19.5115
19.3324
19.1550
18.9792
18.8050
18.6325
18.4615
18.2920
18.1242
17.9578
17.7930
17.6298
17.4680
17.3077
17.1488
16.9914
16.8355
16.6810
16.5279
16.3762
16.2260
16.0770
15.9295
15.7833
15.6385
15.4950
15.3528
15.2119
15.0723
14.9339
14.7969
14.6611
14.5265
14.3932
14.2611
14.1303
14.0006
13.8721
13.7448
13.6187
13.4937
13.3698
13.2471
13.1256
13.0051
12.8858
12.7675
12.6503
12.5342
12.4192
12.3052
12.1923
12.0804
11.9696
11.8597
11.7509
11.6430
11.5362
11.4303
11.3254
11.2215
11.1185
11.0165
10.9154
10.8152
10.7159
10.6176
10.5202
10.4236
10.3279
10.2332
10.1393
10.0462
9.9540
9.8627
9.7721
9.6825
9.5936
9.5056
9.4183
9.3319
9.2463
9.1614
9.0773
8.9940
8.9115
8.8297
8.7487
8.6684
8.5888
8.5100
8.4319
8.3545
8.2779
8.2019
8.1266
8.0520
7.9781
7.9049
7.8324
7.7605
7.6893
7.6187
7.5488
7.4795
7.4109
7.3429
7.2755
7.2087
7.1426
7.0770
7.0121
6.9477
6.8840
6.8208
6.7582
6.6962
6.6347
6.5738
6.5135
6.4537
6.3945
6.3358
6.2777
6.2200
6.1630
6.1064
6.0504
5.9948
5.9398
5.8853
5.8313
5.7778
5.7248
5.6722
5.6202
5.5686
5.5175
5.4669
5.4167
5.3670
5.3177
5.2689
5.2206
5.1727
5.1252
5.0782
5.0315
4.9854
4.9396
4.8943
4.8494
4.8049
4.7608
4.7171
4.6738
4.6309
4.5884
4.5463
4.5046
4.4632
4.4223
4.3817
4.3415
4.3016
4.2622
4.2230
4.1843
4.1459
4.1078
4.0701
4.0328
3.9958
3.9591
3.9228
3.8868
3.8511
3.8158
3.7807
3.7461
3.7117
3.6776
3.6439
3.6104
3.5773
3.5445
3.5119
3.4797
3.4478
3.4161
3.3848
3.3537
3.3229
3.2924
3.2622
3.2323
3.2026
3.1732
3.1441
3.1153
3.0867
3.0583
3.0303
3.0025
2.9749
2.9476
2.9206
2.8938
2.8672
2.8409
2.8148
2.7890
2.7634
2.7380
2.7129
2.6880
2.6633
2.6389
2.6147
2.5907
2.5669
2.5433
2.5200
2.4969
2.4740
2.4513
2.4288
2.4065
2.3844
2.3625
2.3408
2.3193
2.2981
2.2770
2.2561
2.2354
2.2149
2.1945
2.1744
2.1544
2.1347
2.1151
2.0957
2.0764
2.0574
2.0385
2.0198
2.0012
1.9829
1.9647
1.9467
1.9288
1.9111
1.8936
1.8762
1.8590
1.8419
1.8250
1.8082
1.7917
1.7752
1.7589
1.7428
1.7268
1.7109
1.6952
1.6797
1.6643
1.6490
1.6339
1.6189
1.6040
1.5893
1.5747
1.5602
1.5459
1.5317
1.5177
1.5038
1.4900
1.4763
1.4627
1.4493
1.4360
1.4228
1.4098
1.3968
1.3840
1.3713
1.3587
1.3463
1.3339
1.3217
1.3095
1.2975
1.2856
1.2738
1.2621
1.2505
1.2391
1.2277
1.2164
1.2053
1.1942
1.1832
1.1724
1.1616
1.1510
1.1404
1.1299
1.1196
1.1093
1.0991
1.0890
1.0790
1.0691
1.0593
1.0496
1.0400
1.0304
1.0210
1.0116
1.0023
0.9931
0.9840
0.9750
0.9660
0.9572
0.9484
0.9397
0.9310
0.9225
0.9140
0.9056
0.8973
0.8891
0.8809
0.8729
0.8648
0.8569
0.8490
0.8412
0.8335
0.8259
0.8183
0.8108
0.8034
0.7960
0.7887
0.7814
0.7743
0.7672
0.7601
0.7531
0.7462
0.7394
0.7326
0.7259
0.7192
0.7126
0.7061
0.6996
0.6932
0.6868
0.6805
0.6743
0.6681
0.6619
0.6559
0.6498
0.6439
0.6380
0.6321
0.6263
0.6206
0.6149
0.6092
0.6036
0.5981
0.5926
0.5872
0.5818
0.5764
0.5712
0.5659
0.5607
0.5556
0.5505
0.5454
0.5404
0.5355
0.5305
0.5257
0.5209
0.5161
0.5113
0.5066
0.5020
0.4974
0.4928
0.4883
0.4838
0.4794
0.4750
0.4706
0.4663
0.4620
0.4578
0.4536
0.4494
0.4453
0.4412
0.4372
0.4331
0.4292
0.4252
0.4213
0.4175
0.4136
0.4098
0.4061
0.4024
0.3987
0.3950
0.3914
0.3878
0.3842
0.3807
0.3772
0.3737
0.3703
0.3669
0.3635
0.3602
0.3569
0.3536
0.3504
0.3472
0.3440
0.3408
0.3377
0.3346
0.3315
0.3285
0.3255
0.3225
0.3195
0.3166
0.3137
0.3108
0.3080
0.3051
0.3023
0.2996
0.2968
0.2941
0.2914
0.2887
0.2861
0.2834
0.2808
0.2783
0.2757
0.2732
0.2707
0.2682
0.2657
0.2633
0.2609
0.2585
0.2561
0.2537
0.2514
0.2491
0.2468
0.2446
0.2423
0.2401
0.2379
0.2357
0.2335
0.2314
0.2293
0.2272
0.2251
0.2230
0.2210
0.2189
0.2169
0.2149
0.2130
0.2110
0.2091
0.2072
0.2053
0.2034
0.2015
0.1997
0.1978
0.1960
0.1942
0.1924
0.1907
0.1889
0.1872
0.1855
0.1838
0.1821
0.1804
0.1788
0.1771
0.1755
0.1739
0.1723
0.1707
0.1691
0.1676
0.1660
0.1645
0.1630
0.1615
0.1600
0.1586
0.1571
0.1557
0.1542
0.1528
0.1514
0.1500
0.1487
0.1473
0.1459
0.1446
0.1433
0.1420
0.1407
0.1394
0.1381
0.1368
0.1356
0.1343
0.1331
0.1319
0.1307
0.1295
0.1283
0.1271
0.1259
0.1248
0.1236
0.1225
0.1214
0.1202
0.1191
0.1181
0.1170
0.1159
0.1148
0.1138
0.1127
0.1117
0.1107
0.1097
0.1087
0.1077
0.1067
0.1057
0.1047
0.1038
0.1028
0.1019
0.1009
0.1000
