0.1000
0.1096
0.1202
0.1318
0.1445
0.1585
0.1738
0.1905
0.2089
0.2291
0.2512
0.2754
0.3020
0.3311
0.3631
0.3981
0.4365
0.4786
0.5248
0.5754
0.6310
0.6918
0.7586
0.8318
0.9120
1.0000
1.0965
1.2023
1.3183
1.4454
1.5849
1.7378
1.9055
2.0893
2.2909
2.5119
2.7542
3.0200
3.3113
3.6308
3.9811
4.3652
4.7863
5.2481
5.7544
6.3096
6.9183
7.5858
8.3176
9.1201
10.0000
10.9648
12.0226
13.1826
14.4544
15.8489
17.3780
19.0546
20.8930
22.9087
25.1189
27.5423
30.1995
33.1131
36.3078
39.8107
43.6516
47.8630
52.4807
57.5440
63.0957
69.1831
75.8578
83.1764
91.2011
100.0000
109.6478
120.2264
131.8257
144.5440
158.4893
173.7801
190.5461
208.9296
229.0868
251.1886
275.4229
301.9952
331.1311
363.0781
398.1072
436.5158
478.6301
524.8075
575.4399
630.9573
691.8310
758.5776
831.7638
912.0108
1000.0000
